  1      1 [1]
  2      2 [1 2]
  2      3 [1 3]
  3      4 [1 2 4]
  2      5 [1 5]
  4      6 [1 2 3 6]
  2      7 [1 7]
  4      8 [1 2 4 8]
  3      9 [1 3 9]
  4     10 [1 2 5 10]
  2     11 [1 11]
  6     12 [1 2 3 4 6 12]
  2     13 [1 13]
  4     14 [1 2 7 14]
  4     15 [1 3 5 15]
  5     16 [1 2 4 8 16]
  2     17 [1 17]
  6     18 [1 2 3 6 9 18]
  2     19 [1 19]
  6     20 [1 2 4 5 10 20]
  4     21 [1 3 7 21]
  4     22 [1 2 11 22]
  2     23 [1 23]
  8     24 [1 2 3 4 6 8 12 24]
  3     25 [1 5 25]
  4     26 [1 2 13 26]
  4     27 [1 3 9 27]
  6     28 [1 2 4 7 14 28]
  2     29 [1 29]
  8     30 [1 2 3 5 6 10 15 30]
  2     31 [1 31]
  6     32 [1 2 4 8 16 32]
  4     33 [1 3 11 33]
  4     34 [1 2 17 34]
  4     35 [1 5 7 35]
  9     36 [1 2 3 4 6 9 12 18 36]
  2     37 [1 37]
  4     38 [1 2 19 38]
  4     39 [1 3 13 39]
  8     40 [1 2 4 5 8 10 20 40]
  2     41 [1 41]
  8     42 [1 2 3 6 7 14 21 42]
  2     43 [1 43]
  6     44 [1 2 4 11 22 44]
  6     45 [1 3 5 9 15 45]
  4     46 [1 2 23 46]
  2     47 [1 47]
 10     48 [1 2 3 4 6 8 12 16 24 48]
  3     49 [1 7 49]
  6     50 [1 2 5 10 25 50]
  4     51 [1 3 17 51]
  6     52 [1 2 4 13 26 52]
  2     53 [1 53]
  8     54 [1 2 3 6 9 18 27 54]
  4     55 [1 5 11 55]
  8     56 [1 2 4 7 8 14 28 56]
  4     57 [1 3 19 57]
  4     58 [1 2 29 58]
  2     59 [1 59]
 12     60 [1 2 3 4 5 6 10 12 15 20 30 60]
  2     61 [1 61]
  4     62 [1 2 31 62]
  6     63 [1 3 7 9 21 63]
  7     64 [1 2 4 8 16 32 64]
  4     65 [1 5 13 65]
  8     66 [1 2 3 6 11 22 33 66]
  2     67 [1 67]
  6     68 [1 2 4 17 34 68]
  4     69 [1 3 23 69]
  8     70 [1 2 5 7 10 14 35 70]
  2     71 [1 71]
 12     72 [1 2 3 4 6 8 9 12 18 24 36 72]
  2     73 [1 73]
  4     74 [1 2 37 74]
  6     75 [1 3 5 15 25 75]
  6     76 [1 2 4 19 38 76]
  4     77 [1 7 11 77]
  8     78 [1 2 3 6 13 26 39 78]
  2     79 [1 79]
 10     80 [1 2 4 5 8 10 16 20 40 80]
  5     81 [1 3 9 27 81]
  4     82 [1 2 41 82]
  2     83 [1 83]
 12     84 [1 2 3 4 6 7 12 14 21 28 42 84]
  4     85 [1 5 17 85]
  4     86 [1 2 43 86]
  4     87 [1 3 29 87]
  8     88 [1 2 4 8 11 22 44 88]
  2     89 [1 89]
 12     90 [1 2 3 5 6 9 10 15 18 30 45 90]
  4     91 [1 7 13 91]
  6     92 [1 2 4 23 46 92]
  4     93 [1 3 31 93]
  4     94 [1 2 47 94]
  4     95 [1 5 19 95]
 12     96 [1 2 3 4 6 8 12 16 24 32 48 96]
  2     97 [1 97]
  6     98 [1 2 7 14 49 98]
  6     99 [1 3 9 11 33 99]
  9    100 [1 2 4 5 10 20 25 50 100]
  2    101 [1 101]
  8    102 [1 2 3 6 17 34 51 102]
  2    103 [1 103]
  8    104 [1 2 4 8 13 26 52 104]
  8    105 [1 3 5 7 15 21 35 105]
  4    106 [1 2 53 106]
  2    107 [1 107]
 12    108 [1 2 3 4 6 9 12 18 27 36 54 108]
  2    109 [1 109]
  8    110 [1 2 5 10 11 22 55 110]
  4    111 [1 3 37 111]
 10    112 [1 2 4 7 8 14 16 28 56 112]
  2    113 [1 113]
  8    114 [1 2 3 6 19 38 57 114]
  4    115 [1 5 23 115]
  6    116 [1 2 4 29 58 116]
  6    117 [1 3 9 13 39 117]
  4    118 [1 2 59 118]
  4    119 [1 7 17 119]
 16    120 [1 2 3 4 5 6 8 10 12 15 20 24 30 40 60 120]
  3    121 [1 11 121]
  4    122 [1 2 61 122]
  4    123 [1 3 41 123]
  6    124 [1 2 4 31 62 124]
  4    125 [1 5 25 125]
 12    126 [1 2 3 6 7 9 14 18 21 42 63 126]
  2    127 [1 127]
  8    128 [1 2 4 8 16 32 64 128]
  4    129 [1 3 43 129]
  8    130 [1 2 5 10 13 26 65 130]
  2    131 [1 131]
 12    132 [1 2 3 4 6 11 12 22 33 44 66 132]
  4    133 [1 7 19 133]
  4    134 [1 2 67 134]
  8    135 [1 3 5 9 15 27 45 135]
  8    136 [1 2 4 8 17 34 68 136]
  2    137 [1 137]
  8    138 [1 2 3 6 23 46 69 138]
  2    139 [1 139]
 12    140 [1 2 4 5 7 10 14 20 28 35 70 140]
  4    141 [1 3 47 141]
  4    142 [1 2 71 142]
  4    143 [1 11 13 143]
 15    144 [1 2 3 4 6 8 9 12 16 18 24 36 48 72 144]
  4    145 [1 5 29 145]
  4    146 [1 2 73 146]
  6    147 [1 3 7 21 49 147]
  6    148 [1 2 4 37 74 148]
  2    149 [1 149]
 12    150 [1 2 3 5 6 10 15 25 30 50 75 150]
  2    151 [1 151]
  8    152 [1 2 4 8 19 38 76 152]
  6    153 [1 3 9 17 51 153]
  8    154 [1 2 7 11 14 22 77 154]
  4    155 [1 5 31 155]
 12    156 [1 2 3 4 6 12 13 26 39 52 78 156]
  2    157 [1 157]
  4    158 [1 2 79 158]
  4    159 [1 3 53 159]
 12    160 [1 2 4 5 8 10 16 20 32 40 80 160]
  4    161 [1 7 23 161]
 10    162 [1 2 3 6 9 18 27 54 81 162]
  2    163 [1 163]
  6    164 [1 2 4 41 82 164]
  8    165 [1 3 5 11 15 33 55 165]
  4    166 [1 2 83 166]
  2    167 [1 167]
 16    168 [1 2 3 4 6 7 8 12 14 21 24 28 42 56 84 168]
  3    169 [1 13 169]
  8    170 [1 2 5 10 17 34 85 170]
  6    171 [1 3 9 19 57 171]
  6    172 [1 2 4 43 86 172]
  2    173 [1 173]
  8    174 [1 2 3 6 29 58 87 174]
  6    175 [1 5 7 25 35 175]
 10    176 [1 2 4 8 11 16 22 44 88 176]
  4    177 [1 3 59 177]
  4    178 [1 2 89 178]
  2    179 [1 179]
 18    180 [1 2 3 4 5 6 9 10 12 15 18 20 30 36 45 60 90 180]
  2    181 [1 181]
  8    182 [1 2 7 13 14 26 91 182]
  4    183 [1 3 61 183]
  8    184 [1 2 4 8 23 46 92 184]
  4    185 [1 5 37 185]
  8    186 [1 2 3 6 31 62 93 186]
  4    187 [1 11 17 187]
  6    188 [1 2 4 47 94 188]
  8    189 [1 3 7 9 21 27 63 189]
  8    190 [1 2 5 10 19 38 95 190]
  2    191 [1 191]
 14    192 [1 2 3 4 6 8 12 16 24 32 48 64 96 192]
  2    193 [1 193]
  4    194 [1 2 97 194]
  8    195 [1 3 5 13 15 39 65 195]
  9    196 [1 2 4 7 14 28 49 98 196]
  2    197 [1 197]
 12    198 [1 2 3 6 9 11 18 22 33 66 99 198]
  2    199 [1 199]
 12    200 [1 2 4 5 8 10 20 25 40 50 100 200]
  4    201 [1 3 67 201]
  4    202 [1 2 101 202]
  4    203 [1 7 29 203]
 12    204 [1 2 3 4 6 12 17 34 51 68 102 204]
  4    205 [1 5 41 205]
  4    206 [1 2 103 206]
  6    207 [1 3 9 23 69 207]
 10    208 [1 2 4 8 13 16 26 52 104 208]
  4    209 [1 11 19 209]
 16    210 [1 2 3 5 6 7 10 14 15 21 30 35 42 70 105 210]
  2    211 [1 211]
  6    212 [1 2 4 53 106 212]
  4    213 [1 3 71 213]
  4    214 [1 2 107 214]
  4    215 [1 5 43 215]
 16    216 [1 2 3 4 6 8 9 12 18 24 27 36 54 72 108 216]
  4    217 [1 7 31 217]
  4    218 [1 2 109 218]
  4    219 [1 3 73 219]
 12    220 [1 2 4 5 10 11 20 22 44 55 110 220]
  4    221 [1 13 17 221]
  8    222 [1 2 3 6 37 74 111 222]
  2    223 [1 223]
 12    224 [1 2 4 7 8 14 16 28 32 56 112 224]
  9    225 [1 3 5 9 15 25 45 75 225]
  4    226 [1 2 113 226]
  2    227 [1 227]
 12    228 [1 2 3 4 6 12 19 38 57 76 114 228]
  2    229 [1 229]
  8    230 [1 2 5 10 23 46 115 230]
  8    231 [1 3 7 11 21 33 77 231]
  8    232 [1 2 4 8 29 58 116 232]
  2    233 [1 233]
 12    234 [1 2 3 6 9 13 18 26 39 78 117 234]
  4    235 [1 5 47 235]
  6    236 [1 2 4 59 118 236]
  4    237 [1 3 79 237]
  8    238 [1 2 7 14 17 34 119 238]
  2    239 [1 239]
 20    240 [1 2 3 4 5 6 8 10 12 15 16 20 24 30 40 48 60 80 120 240]
  2    241 [1 241]
  6    242 [1 2 11 22 121 242]
  6    243 [1 3 9 27 81 243]
  6    244 [1 2 4 61 122 244]
  6    245 [1 5 7 35 49 245]
  8    246 [1 2 3 6 41 82 123 246]
  4    247 [1 13 19 247]
  8    248 [1 2 4 8 31 62 124 248]
  4    249 [1 3 83 249]
  8    250 [1 2 5 10 25 50 125 250]
  2    251 [1 251]
 18    252 [1 2 3 4 6 7 9 12 14 18 21 28 36 42 63 84 126 252]
  4    253 [1 11 23 253]
  4    254 [1 2 127 254]
  8    255 [1 3 5 15 17 51 85 255]
  9    256 [1 2 4 8 16 32 64 128 256]
  2    257 [1 257]
  8    258 [1 2 3 6 43 86 129 258]
  4    259 [1 7 37 259]
 12    260 [1 2 4 5 10 13 20 26 52 65 130 260]
  6    261 [1 3 9 29 87 261]
  4    262 [1 2 131 262]
  2    263 [1 263]
 16    264 [1 2 3 4 6 8 11 12 22 24 33 44 66 88 132 264]
  4    265 [1 5 53 265]
  8    266 [1 2 7 14 19 38 133 266]
  4    267 [1 3 89 267]
  6    268 [1 2 4 67 134 268]
  2    269 [1 269]
 16    270 [1 2 3 5 6 9 10 15 18 27 30 45 54 90 135 270]
  2    271 [1 271]
 10    272 [1 2 4 8 16 17 34 68 136 272]
  8    273 [1 3 7 13 21 39 91 273]
  4    274 [1 2 137 274]
  6    275 [1 5 11 25 55 275]
 12    276 [1 2 3 4 6 12 23 46 69 92 138 276]
  2    277 [1 277]
  4    278 [1 2 139 278]
  6    279 [1 3 9 31 93 279]
 16    280 [1 2 4 5 7 8 10 14 20 28 35 40 56 70 140 280]
  2    281 [1 281]
  8    282 [1 2 3 6 47 94 141 282]
  2    283 [1 283]
  6    284 [1 2 4 71 142 284]
  8    285 [1 3 5 15 19 57 95 285]
  8    286 [1 2 11 13 22 26 143 286]
  4    287 [1 7 41 287]
 18    288 [1 2 3 4 6 8 9 12 16 18 24 32 36 48 72 96 144 288]
  3    289 [1 17 289]
  8    290 [1 2 5 10 29 58 145 290]
  4    291 [1 3 97 291]
  6    292 [1 2 4 73 146 292]
  2    293 [1 293]
 12    294 [1 2 3 6 7 14 21 42 49 98 147 294]
  4    295 [1 5 59 295]
  8    296 [1 2 4 8 37 74 148 296]
  8    297 [1 3 9 11 27 33 99 297]
  4    298 [1 2 149 298]
  4    299 [1 13 23 299]
 18    300 [1 2 3 4 5 6 10 12 15 20 25 30 50 60 75 100 150 300]
  4    301 [1 7 43 301]
  4    302 [1 2 151 302]
  4    303 [1 3 101 303]
 10    304 [1 2 4 8 16 19 38 76 152 304]
  4    305 [1 5 61 305]
 12    306 [1 2 3 6 9 17 18 34 51 102 153 306]
  2    307 [1 307]
 12    308 [1 2 4 7 11 14 22 28 44 77 154 308]
  4    309 [1 3 103 309]
  8    310 [1 2 5 10 31 62 155 310]
  2    311 [1 311]
 16    312 [1 2 3 4 6 8 12 13 24 26 39 52 78 104 156 312]
  2    313 [1 313]
  4    314 [1 2 157 314]
 12    315 [1 3 5 7 9 15 21 35 45 63 105 315]
  6    316 [1 2 4 79 158 316]
  2    317 [1 317]
  8    318 [1 2 3 6 53 106 159 318]
  4    319 [1 11 29 319]
 14    320 [1 2 4 5 8 10 16 20 32 40 64 80 160 320]
  4    321 [1 3 107 321]
  8    322 [1 2 7 14 23 46 161 322]
  4    323 [1 17 19 323]
 15    324 [1 2 3 4 6 9 12 18 27 36 54 81 108 162 324]
  6    325 [1 5 13 25 65 325]
  4    326 [1 2 163 326]
  4    327 [1 3 109 327]
  8    328 [1 2 4 8 41 82 164 328]
  4    329 [1 7 47 329]
 16    330 [1 2 3 5 6 10 11 15 22 30 33 55 66 110 165 330]
  2    331 [1 331]
  6    332 [1 2 4 83 166 332]
  6    333 [1 3 9 37 111 333]
  4    334 [1 2 167 334]
  4    335 [1 5 67 335]
 20    336 [1 2 3 4 6 7 8 12 14 16 21 24 28 42 48 56 84 112 168 336]
  2    337 [1 337]
  6    338 [1 2 13 26 169 338]
  4    339 [1 3 113 339]
 12    340 [1 2 4 5 10 17 20 34 68 85 170 340]
  4    341 [1 11 31 341]
 12    342 [1 2 3 6 9 18 19 38 57 114 171 342]
  4    343 [1 7 49 343]
  8    344 [1 2 4 8 43 86 172 344]
  8    345 [1 3 5 15 23 69 115 345]
  4    346 [1 2 173 346]
  2    347 [1 347]
 12    348 [1 2 3 4 6 12 29 58 87 116 174 348]
  2    349 [1 349]
 12    350 [1 2 5 7 10 14 25 35 50 70 175 350]
  8    351 [1 3 9 13 27 39 117 351]
 12    352 [1 2 4 8 11 16 22 32 44 88 176 352]
  2    353 [1 353]
  8    354 [1 2 3 6 59 118 177 354]
  4    355 [1 5 71 355]
  6    356 [1 2 4 89 178 356]
  8    357 [1 3 7 17 21 51 119 357]
  4    358 [1 2 179 358]
  2    359 [1 359]
 24    360 [1 2 3 4 5 6 8 9 10 12 15 18 20 24 30 36 40 45 60 72 90 120 180 360]
  3    361 [1 19 361]
  4    362 [1 2 181 362]
  6    363 [1 3 11 33 121 363]
 12    364 [1 2 4 7 13 14 26 28 52 91 182 364]
  4    365 [1 5 73 365]
  8    366 [1 2 3 6 61 122 183 366]
  2    367 [1 367]
 10    368 [1 2 4 8 16 23 46 92 184 368]
  6    369 [1 3 9 41 123 369]
  8    370 [1 2 5 10 37 74 185 370]
  4    371 [1 7 53 371]
 12    372 [1 2 3 4 6 12 31 62 93 124 186 372]
  2    373 [1 373]
  8    374 [1 2 11 17 22 34 187 374]
  8    375 [1 3 5 15 25 75 125 375]
  8    376 [1 2 4 8 47 94 188 376]
  4    377 [1 13 29 377]
 16    378 [1 2 3 6 7 9 14 18 21 27 42 54 63 126 189 378]
  2    379 [1 379]
 12    380 [1 2 4 5 10 19 20 38 76 95 190 380]
  4    381 [1 3 127 381]
  4    382 [1 2 191 382]
  2    383 [1 383]
 16    384 [1 2 3 4 6 8 12 16 24 32 48 64 96 128 192 384]
  8    385 [1 5 7 11 35 55 77 385]
  4    386 [1 2 193 386]
  6    387 [1 3 9 43 129 387]
  6    388 [1 2 4 97 194 388]
  2    389 [1 389]
 16    390 [1 2 3 5 6 10 13 15 26 30 39 65 78 130 195 390]
  4    391 [1 17 23 391]
 12    392 [1 2 4 7 8 14 28 49 56 98 196 392]
  4    393 [1 3 131 393]
  4    394 [1 2 197 394]
  4    395 [1 5 79 395]
 18    396 [1 2 3 4 6 9 11 12 18 22 33 36 44 66 99 132 198 396]
  2    397 [1 397]
  4    398 [1 2 199 398]
  8    399 [1 3 7 19 21 57 133 399]
 15    400 [1 2 4 5 8 10 16 20 25 40 50 80 100 200 400]
  2    401 [1 401]
  8    402 [1 2 3 6 67 134 201 402]
  4    403 [1 13 31 403]
  6    404 [1 2 4 101 202 404]
 10    405 [1 3 5 9 15 27 45 81 135 405]
  8    406 [1 2 7 14 29 58 203 406]
  4    407 [1 11 37 407]
 16    408 [1 2 3 4 6 8 12 17 24 34 51 68 102 136 204 408]
  2    409 [1 409]
  8    410 [1 2 5 10 41 82 205 410]
  4    411 [1 3 137 411]
  6    412 [1 2 4 103 206 412]
  4    413 [1 7 59 413]
 12    414 [1 2 3 6 9 18 23 46 69 138 207 414]
  4    415 [1 5 83 415]
 12    416 [1 2 4 8 13 16 26 32 52 104 208 416]
  4    417 [1 3 139 417]
  8    418 [1 2 11 19 22 38 209 418]
  2    419 [1 419]
 24    420 [1 2 3 4 5 6 7 10 12 14 15 20 21 28 30 35 42 60 70 84 105 140 210 420]
  2    421 [1 421]
  4    422 [1 2 211 422]
  6    423 [1 3 9 47 141 423]
  8    424 [1 2 4 8 53 106 212 424]
  6    425 [1 5 17 25 85 425]
  8    426 [1 2 3 6 71 142 213 426]
  4    427 [1 7 61 427]
  6    428 [1 2 4 107 214 428]
  8    429 [1 3 11 13 33 39 143 429]
  8    430 [1 2 5 10 43 86 215 430]
  2    431 [1 431]
 20    432 [1 2 3 4 6 8 9 12 16 18 24 27 36 48 54 72 108 144 216 432]
  2    433 [1 433]
  8    434 [1 2 7 14 31 62 217 434]
  8    435 [1 3 5 15 29 87 145 435]
  6    436 [1 2 4 109 218 436]
  4    437 [1 19 23 437]
  8    438 [1 2 3 6 73 146 219 438]
  2    439 [1 439]
 16    440 [1 2 4 5 8 10 11 20 22 40 44 55 88 110 220 440]
  9    441 [1 3 7 9 21 49 63 147 441]
  8    442 [1 2 13 17 26 34 221 442]
  2    443 [1 443]
 12    444 [1 2 3 4 6 12 37 74 111 148 222 444]
  4    445 [1 5 89 445]
  4    446 [1 2 223 446]
  4    447 [1 3 149 447]
 14    448 [1 2 4 7 8 14 16 28 32 56 64 112 224 448]
  2    449 [1 449]
 18    450 [1 2 3 5 6 9 10 15 18 25 30 45 50 75 90 150 225 450]
  4    451 [1 11 41 451]
  6    452 [1 2 4 113 226 452]
  4    453 [1 3 151 453]
  4    454 [1 2 227 454]
  8    455 [1 5 7 13 35 65 91 455]
 16    456 [1 2 3 4 6 8 12 19 24 38 57 76 114 152 228 456]
  2    457 [1 457]
  4    458 [1 2 229 458]
  8    459 [1 3 9 17 27 51 153 459]
 12    460 [1 2 4 5 10 20 23 46 92 115 230 460]
  2    461 [1 461]
 16    462 [1 2 3 6 7 11 14 21 22 33 42 66 77 154 231 462]
  2    463 [1 463]
 10    464 [1 2 4 8 16 29 58 116 232 464]
  8    465 [1 3 5 15 31 93 155 465]
  4    466 [1 2 233 466]
  2    467 [1 467]
 18    468 [1 2 3 4 6 9 12 13 18 26 36 39 52 78 117 156 234 468]
  4    469 [1 7 67 469]
  8    470 [1 2 5 10 47 94 235 470]
  4    471 [1 3 157 471]
  8    472 [1 2 4 8 59 118 236 472]
  4    473 [1 11 43 473]
  8    474 [1 2 3 6 79 158 237 474]
  6    475 [1 5 19 25 95 475]
 12    476 [1 2 4 7 14 17 28 34 68 119 238 476]
  6    477 [1 3 9 53 159 477]
  4    478 [1 2 239 478]
  2    479 [1 479]
 24    480 [1 2 3 4 5 6 8 10 12 15 16 20 24 30 32 40 48 60 80 96 120 160 240 480]
  4    481 [1 13 37 481]
  4    482 [1 2 241 482]
  8    483 [1 3 7 21 23 69 161 483]
  9    484 [1 2 4 11 22 44 121 242 484]
  4    485 [1 5 97 485]
 12    486 [1 2 3 6 9 18 27 54 81 162 243 486]
  2    487 [1 487]
  8    488 [1 2 4 8 61 122 244 488]
  4    489 [1 3 163 489]
 12    490 [1 2 5 7 10 14 35 49 70 98 245 490]
  2    491 [1 491]
 12    492 [1 2 3 4 6 12 41 82 123 164 246 492]
  4    493 [1 17 29 493]
  8    494 [1 2 13 19 26 38 247 494]
 12    495 [1 3 5 9 11 15 33 45 55 99 165 495]
 10    496 [1 2 4 8 16 31 62 124 248 496]
  4    497 [1 7 71 497]
  8    498 [1 2 3 6 83 166 249 498]
  2    499 [1 499]
 12    500 [1 2 4 5 10 20 25 50 100 125 250 500]
  4    501 [1 3 167 501]
  4    502 [1 2 251 502]
  2    503 [1 503]
 24    504 [1 2 3 4 6 7 8 9 12 14 18 21 24 28 36 42 56 63 72 84 126 168 252 504]
  4    505 [1 5 101 505]
  8    506 [1 2 11 22 23 46 253 506]
  6    507 [1 3 13 39 169 507]
  6    508 [1 2 4 127 254 508]
  2    509 [1 509]
 16    510 [1 2 3 5 6 10 15 17 30 34 51 85 102 170 255 510]
  4    511 [1 7 73 511]
 10    512 [1 2 4 8 16 32 64 128 256 512]
  8    513 [1 3 9 19 27 57 171 513]
  4    514 [1 2 257 514]
  4    515 [1 5 103 515]
 12    516 [1 2 3 4 6 12 43 86 129 172 258 516]
  4    517 [1 11 47 517]
  8    518 [1 2 7 14 37 74 259 518]
  4    519 [1 3 173 519]
 16    520 [1 2 4 5 8 10 13 20 26 40 52 65 104 130 260 520]
  2    521 [1 521]
 12    522 [1 2 3 6 9 18 29 58 87 174 261 522]
  2    523 [1 523]
  6    524 [1 2 4 131 262 524]
 12    525 [1 3 5 7 15 21 25 35 75 105 175 525]
  4    526 [1 2 263 526]
  4    527 [1 17 31 527]
 20    528 [1 2 3 4 6 8 11 12 16 22 24 33 44 48 66 88 132 176 264 528]
  3    529 [1 23 529]
  8    530 [1 2 5 10 53 106 265 530]
  6    531 [1 3 9 59 177 531]
 12    532 [1 2 4 7 14 19 28 38 76 133 266 532]
  4    533 [1 13 41 533]
  8    534 [1 2 3 6 89 178 267 534]
  4    535 [1 5 107 535]
  8    536 [1 2 4 8 67 134 268 536]
  4    537 [1 3 179 537]
  4    538 [1 2 269 538]
  6    539 [1 7 11 49 77 539]
 24    540 [1 2 3 4 5 6 9 10 12 15 18 20 27 30 36 45 54 60 90 108 135 180 270 540]
  2    541 [1 541]
  4    542 [1 2 271 542]
  4    543 [1 3 181 543]
 12    544 [1 2 4 8 16 17 32 34 68 136 272 544]
  4    545 [1 5 109 545]
 16    546 [1 2 3 6 7 13 14 21 26 39 42 78 91 182 273 546]
  2    547 [1 547]
  6    548 [1 2 4 137 274 548]
  6    549 [1 3 9 61 183 549]
 12    550 [1 2 5 10 11 22 25 50 55 110 275 550]
  4    551 [1 19 29 551]
 16    552 [1 2 3 4 6 8 12 23 24 46 69 92 138 184 276 552]
  4    553 [1 7 79 553]
  4    554 [1 2 277 554]
  8    555 [1 3 5 15 37 111 185 555]
  6    556 [1 2 4 139 278 556]
  2    557 [1 557]
 12    558 [1 2 3 6 9 18 31 62 93 186 279 558]
  4    559 [1 13 43 559]
 20    560 [1 2 4 5 7 8 10 14 16 20 28 35 40 56 70 80 112 140 280 560]
  8    561 [1 3 11 17 33 51 187 561]
  4    562 [1 2 281 562]
  2    563 [1 563]
 12    564 [1 2 3 4 6 12 47 94 141 188 282 564]
  4    565 [1 5 113 565]
  4    566 [1 2 283 566]
 10    567 [1 3 7 9 21 27 63 81 189 567]
  8    568 [1 2 4 8 71 142 284 568]
  2    569 [1 569]
 16    570 [1 2 3 5 6 10 15 19 30 38 57 95 114 190 285 570]
  2    571 [1 571]
 12    572 [1 2 4 11 13 22 26 44 52 143 286 572]
  4    573 [1 3 191 573]
  8    574 [1 2 7 14 41 82 287 574]
  6    575 [1 5 23 25 115 575]
 21    576 [1 2 3 4 6 8 9 12 16 18 24 32 36 48 64 72 96 144 192 288 576]
  2    577 [1 577]
  6    578 [1 2 17 34 289 578]
  4    579 [1 3 193 579]
 12    580 [1 2 4 5 10 20 29 58 116 145 290 580]
  4    581 [1 7 83 581]
  8    582 [1 2 3 6 97 194 291 582]
  4    583 [1 11 53 583]
  8    584 [1 2 4 8 73 146 292 584]
 12    585 [1 3 5 9 13 15 39 45 65 117 195 585]
  4    586 [1 2 293 586]
  2    587 [1 587]
 18    588 [1 2 3 4 6 7 12 14 21 28 42 49 84 98 147 196 294 588]
  4    589 [1 19 31 589]
  8    590 [1 2 5 10 59 118 295 590]
  4    591 [1 3 197 591]
 10    592 [1 2 4 8 16 37 74 148 296 592]
  2    593 [1 593]
 16    594 [1 2 3 6 9 11 18 22 27 33 54 66 99 198 297 594]
  8    595 [1 5 7 17 35 85 119 595]
  6    596 [1 2 4 149 298 596]
  4    597 [1 3 199 597]
  8    598 [1 2 13 23 26 46 299 598]
  2    599 [1 599]
 24    600 [1 2 3 4 5 6 8 10 12 15 20 24 25 30 40 50 60 75 100 120 150 200 300 600]
  2    601 [1 601]
  8    602 [1 2 7 14 43 86 301 602]
  6    603 [1 3 9 67 201 603]
  6    604 [1 2 4 151 302 604]
  6    605 [1 5 11 55 121 605]
  8    606 [1 2 3 6 101 202 303 606]
  2    607 [1 607]
 12    608 [1 2 4 8 16 19 32 38 76 152 304 608]
  8    609 [1 3 7 21 29 87 203 609]
  8    610 [1 2 5 10 61 122 305 610]
  4    611 [1 13 47 611]
 18    612 [1 2 3 4 6 9 12 17 18 34 36 51 68 102 153 204 306 612]
  2    613 [1 613]
  4    614 [1 2 307 614]
  8    615 [1 3 5 15 41 123 205 615]
 16    616 [1 2 4 7 8 11 14 22 28 44 56 77 88 154 308 616]
  2    617 [1 617]
  8    618 [1 2 3 6 103 206 309 618]
  2    619 [1 619]
 12    620 [1 2 4 5 10 20 31 62 124 155 310 620]
  8    621 [1 3 9 23 27 69 207 621]
  4    622 [1 2 311 622]
  4    623 [1 7 89 623]
 20    624 [1 2 3 4 6 8 12 13 16 24 26 39 48 52 78 104 156 208 312 624]
  5    625 [1 5 25 125 625]
  4    626 [1 2 313 626]
  8    627 [1 3 11 19 33 57 209 627]
  6    628 [1 2 4 157 314 628]
  4    629 [1 17 37 629]
 24    630 [1 2 3 5 6 7 9 10 14 15 18 21 30 35 42 45 63 70 90 105 126 210 315 630]
  2    631 [1 631]
  8    632 [1 2 4 8 79 158 316 632]
  4    633 [1 3 211 633]
  4    634 [1 2 317 634]
  4    635 [1 5 127 635]
 12    636 [1 2 3 4 6 12 53 106 159 212 318 636]
  6    637 [1 7 13 49 91 637]
  8    638 [1 2 11 22 29 58 319 638]
  6    639 [1 3 9 71 213 639]
 16    640 [1 2 4 5 8 10 16 20 32 40 64 80 128 160 320 640]
  2    641 [1 641]
  8    642 [1 2 3 6 107 214 321 642]
  2    643 [1 643]
 12    644 [1 2 4 7 14 23 28 46 92 161 322 644]
  8    645 [1 3 5 15 43 129 215 645]
  8    646 [1 2 17 19 34 38 323 646]
  2    647 [1 647]
 20    648 [1 2 3 4 6 8 9 12 18 24 27 36 54 72 81 108 162 216 324 648]
  4    649 [1 11 59 649]
 12    650 [1 2 5 10 13 25 26 50 65 130 325 650]
  8    651 [1 3 7 21 31 93 217 651]
  6    652 [1 2 4 163 326 652]
  2    653 [1 653]
  8    654 [1 2 3 6 109 218 327 654]
  4    655 [1 5 131 655]
 10    656 [1 2 4 8 16 41 82 164 328 656]
  6    657 [1 3 9 73 219 657]
  8    658 [1 2 7 14 47 94 329 658]
  2    659 [1 659]
 24    660 [1 2 3 4 5 6 10 11 12 15 20 22 30 33 44 55 60 66 110 132 165 220 330 660]
  2    661 [1 661]
  4    662 [1 2 331 662]
  8    663 [1 3 13 17 39 51 221 663]
  8    664 [1 2 4 8 83 166 332 664]
  8    665 [1 5 7 19 35 95 133 665]
 12    666 [1 2 3 6 9 18 37 74 111 222 333 666]
  4    667 [1 23 29 667]
  6    668 [1 2 4 167 334 668]
  4    669 [1 3 223 669]
  8    670 [1 2 5 10 67 134 335 670]
  4    671 [1 11 61 671]
 24    672 [1 2 3 4 6 7 8 12 14 16 21 24 28 32 42 48 56 84 96 112 168 224 336 672]
  2    673 [1 673]
  4    674 [1 2 337 674]
 12    675 [1 3 5 9 15 25 27 45 75 135 225 675]
  9    676 [1 2 4 13 26 52 169 338 676]
  2    677 [1 677]
  8    678 [1 2 3 6 113 226 339 678]
  4    679 [1 7 97 679]
 16    680 [1 2 4 5 8 10 17 20 34 40 68 85 136 170 340 680]
  4    681 [1 3 227 681]
  8    682 [1 2 11 22 31 62 341 682]
  2    683 [1 683]
 18    684 [1 2 3 4 6 9 12 18 19 36 38 57 76 114 171 228 342 684]
  4    685 [1 5 137 685]
  8    686 [1 2 7 14 49 98 343 686]
  4    687 [1 3 229 687]
 10    688 [1 2 4 8 16 43 86 172 344 688]
  4    689 [1 13 53 689]
 16    690 [1 2 3 5 6 10 15 23 30 46 69 115 138 230 345 690]
  2    691 [1 691]
  6    692 [1 2 4 173 346 692]
 12    693 [1 3 7 9 11 21 33 63 77 99 231 693]
  4    694 [1 2 347 694]
  4    695 [1 5 139 695]
 16    696 [1 2 3 4 6 8 12 24 29 58 87 116 174 232 348 696]
  4    697 [1 17 41 697]
  4    698 [1 2 349 698]
  4    699 [1 3 233 699]
 18    700 [1 2 4 5 7 10 14 20 25 28 35 50 70 100 140 175 350 700]
  2    701 [1 701]
 16    702 [1 2 3 6 9 13 18 26 27 39 54 78 117 234 351 702]
  4    703 [1 19 37 703]
 14    704 [1 2 4 8 11 16 22 32 44 64 88 176 352 704]
  8    705 [1 3 5 15 47 141 235 705]
  4    706 [1 2 353 706]
  4    707 [1 7 101 707]
 12    708 [1 2 3 4 6 12 59 118 177 236 354 708]
  2    709 [1 709]
  8    710 [1 2 5 10 71 142 355 710]
  6    711 [1 3 9 79 237 711]
  8    712 [1 2 4 8 89 178 356 712]
  4    713 [1 23 31 713]
 16    714 [1 2 3 6 7 14 17 21 34 42 51 102 119 238 357 714]
  8    715 [1 5 11 13 55 65 143 715]
  6    716 [1 2 4 179 358 716]
  4    717 [1 3 239 717]
  4    718 [1 2 359 718]
  2    719 [1 719]
 30    720 [1 2 3 4 5 6 8 9 10 12 15 16 18 20 24 30 36 40 45 48 60 72 80 90 120 144 180 240 360 720]
  4    721 [1 7 103 721]
  6    722 [1 2 19 38 361 722]
  4    723 [1 3 241 723]
  6    724 [1 2 4 181 362 724]
  6    725 [1 5 25 29 145 725]
 12    726 [1 2 3 6 11 22 33 66 121 242 363 726]
  2    727 [1 727]
 16    728 [1 2 4 7 8 13 14 26 28 52 56 91 104 182 364 728]
  7    729 [1 3 9 27 81 243 729]
  8    730 [1 2 5 10 73 146 365 730]
  4    731 [1 17 43 731]
 12    732 [1 2 3 4 6 12 61 122 183 244 366 732]
  2    733 [1 733]
  4    734 [1 2 367 734]
 12    735 [1 3 5 7 15 21 35 49 105 147 245 735]
 12    736 [1 2 4 8 16 23 32 46 92 184 368 736]
  4    737 [1 11 67 737]
 12    738 [1 2 3 6 9 18 41 82 123 246 369 738]
  2    739 [1 739]
 12    740 [1 2 4 5 10 20 37 74 148 185 370 740]
  8    741 [1 3 13 19 39 57 247 741]
  8    742 [1 2 7 14 53 106 371 742]
  2    743 [1 743]
 16    744 [1 2 3 4 6 8 12 24 31 62 93 124 186 248 372 744]
  4    745 [1 5 149 745]
  4    746 [1 2 373 746]
  6    747 [1 3 9 83 249 747]
 12    748 [1 2 4 11 17 22 34 44 68 187 374 748]
  4    749 [1 7 107 749]
 16    750 [1 2 3 5 6 10 15 25 30 50 75 125 150 250 375 750]
  2    751 [1 751]
 10    752 [1 2 4 8 16 47 94 188 376 752]
  4    753 [1 3 251 753]
  8    754 [1 2 13 26 29 58 377 754]
  4    755 [1 5 151 755]
 24    756 [1 2 3 4 6 7 9 12 14 18 21 27 28 36 42 54 63 84 108 126 189 252 378 756]
  2    757 [1 757]
  4    758 [1 2 379 758]
  8    759 [1 3 11 23 33 69 253 759]
 16    760 [1 2 4 5 8 10 19 20 38 40 76 95 152 190 380 760]
  2    761 [1 761]
  8    762 [1 2 3 6 127 254 381 762]
  4    763 [1 7 109 763]
  6    764 [1 2 4 191 382 764]
 12    765 [1 3 5 9 15 17 45 51 85 153 255 765]
  4    766 [1 2 383 766]
  4    767 [1 13 59 767]
 18    768 [1 2 3 4 6 8 12 16 24 32 48 64 96 128 192 256 384 768]
  2    769 [1 769]
 16    770 [1 2 5 7 10 11 14 22 35 55 70 77 110 154 385 770]
  4    771 [1 3 257 771]
  6    772 [1 2 4 193 386 772]
  2    773 [1 773]
 12    774 [1 2 3 6 9 18 43 86 129 258 387 774]
  6    775 [1 5 25 31 155 775]
  8    776 [1 2 4 8 97 194 388 776]
  8    777 [1 3 7 21 37 111 259 777]
  4    778 [1 2 389 778]
  4    779 [1 19 41 779]
 24    780 [1 2 3 4 5 6 10 12 13 15 20 26 30 39 52 60 65 78 130 156 195 260 390 780]
  4    781 [1 11 71 781]
  8    782 [1 2 17 23 34 46 391 782]
  8    783 [1 3 9 27 29 87 261 783]
 15    784 [1 2 4 7 8 14 16 28 49 56 98 112 196 392 784]
  4    785 [1 5 157 785]
  8    786 [1 2 3 6 131 262 393 786]
  2    787 [1 787]
  6    788 [1 2 4 197 394 788]
  4    789 [1 3 263 789]
  8    790 [1 2 5 10 79 158 395 790]
  4    791 [1 7 113 791]
 24    792 [1 2 3 4 6 8 9 11 12 18 22 24 33 36 44 66 72 88 99 132 198 264 396 792]
  4    793 [1 13 61 793]
  4    794 [1 2 397 794]
  8    795 [1 3 5 15 53 159 265 795]
  6    796 [1 2 4 199 398 796]
  2    797 [1 797]
 16    798 [1 2 3 6 7 14 19 21 38 42 57 114 133 266 399 798]
  4    799 [1 17 47 799]
 18    800 [1 2 4 5 8 10 16 20 25 32 40 50 80 100 160 200 400 800]
  6    801 [1 3 9 89 267 801]
  4    802 [1 2 401 802]
  4    803 [1 11 73 803]
 12    804 [1 2 3 4 6 12 67 134 201 268 402 804]
  8    805 [1 5 7 23 35 115 161 805]
  8    806 [1 2 13 26 31 62 403 806]
  4    807 [1 3 269 807]
  8    808 [1 2 4 8 101 202 404 808]
  2    809 [1 809]
 20    810 [1 2 3 5 6 9 10 15 18 27 30 45 54 81 90 135 162 270 405 810]
  2    811 [1 811]
 12    812 [1 2 4 7 14 28 29 58 116 203 406 812]
  4    813 [1 3 271 813]
  8    814 [1 2 11 22 37 74 407 814]
  4    815 [1 5 163 815]
 20    816 [1 2 3 4 6 8 12 16 17 24 34 48 51 68 102 136 204 272 408 816]
  4    817 [1 19 43 817]
  4    818 [1 2 409 818]
 12    819 [1 3 7 9 13 21 39 63 91 117 273 819]
 12    820 [1 2 4 5 10 20 41 82 164 205 410 820]
  2    821 [1 821]
  8    822 [1 2 3 6 137 274 411 822]
  2    823 [1 823]
  8    824 [1 2 4 8 103 206 412 824]
 12    825 [1 3 5 11 15 25 33 55 75 165 275 825]
  8    826 [1 2 7 14 59 118 413 826]
  2    827 [1 827]
 18    828 [1 2 3 4 6 9 12 18 23 36 46 69 92 138 207 276 414 828]
  2    829 [1 829]
  8    830 [1 2 5 10 83 166 415 830]
  4    831 [1 3 277 831]
 14    832 [1 2 4 8 13 16 26 32 52 64 104 208 416 832]
  6    833 [1 7 17 49 119 833]
  8    834 [1 2 3 6 139 278 417 834]
  4    835 [1 5 167 835]
 12    836 [1 2 4 11 19 22 38 44 76 209 418 836]
  8    837 [1 3 9 27 31 93 279 837]
  4    838 [1 2 419 838]
  2    839 [1 839]
 32    840 [1 2 3 4 5 6 7 8 10 12 14 15 20 21 24 28 30 35 40 42 56 60 70 84 105 120 140 168 210 280 420 840]
  3    841 [1 29 841]
  4    842 [1 2 421 842]
  4    843 [1 3 281 843]
  6    844 [1 2 4 211 422 844]
  6    845 [1 5 13 65 169 845]
 12    846 [1 2 3 6 9 18 47 94 141 282 423 846]
  6    847 [1 7 11 77 121 847]
 10    848 [1 2 4 8 16 53 106 212 424 848]
  4    849 [1 3 283 849]
 12    850 [1 2 5 10 17 25 34 50 85 170 425 850]
  4    851 [1 23 37 851]
 12    852 [1 2 3 4 6 12 71 142 213 284 426 852]
  2    853 [1 853]
  8    854 [1 2 7 14 61 122 427 854]
 12    855 [1 3 5 9 15 19 45 57 95 171 285 855]
  8    856 [1 2 4 8 107 214 428 856]
  2    857 [1 857]
 16    858 [1 2 3 6 11 13 22 26 33 39 66 78 143 286 429 858]
  2    859 [1 859]
 12    860 [1 2 4 5 10 20 43 86 172 215 430 860]
  8    861 [1 3 7 21 41 123 287 861]
  4    862 [1 2 431 862]
  2    863 [1 863]
 24    864 [1 2 3 4 6 8 9 12 16 18 24 27 32 36 48 54 72 96 108 144 216 288 432 864]
  4    865 [1 5 173 865]
  4    866 [1 2 433 866]
  6    867 [1 3 17 51 289 867]
 12    868 [1 2 4 7 14 28 31 62 124 217 434 868]
  4    869 [1 11 79 869]
 16    870 [1 2 3 5 6 10 15 29 30 58 87 145 174 290 435 870]
  4    871 [1 13 67 871]
  8    872 [1 2 4 8 109 218 436 872]
  6    873 [1 3 9 97 291 873]
  8    874 [1 2 19 23 38 46 437 874]
  8    875 [1 5 7 25 35 125 175 875]
 12    876 [1 2 3 4 6 12 73 146 219 292 438 876]
  2    877 [1 877]
  4    878 [1 2 439 878]
  4    879 [1 3 293 879]
 20    880 [1 2 4 5 8 10 11 16 20 22 40 44 55 80 88 110 176 220 440 880]
  2    881 [1 881]
 18    882 [1 2 3 6 7 9 14 18 21 42 49 63 98 126 147 294 441 882]
  2    883 [1 883]
 12    884 [1 2 4 13 17 26 34 52 68 221 442 884]
  8    885 [1 3 5 15 59 177 295 885]
  4    886 [1 2 443 886]
  2    887 [1 887]
 16    888 [1 2 3 4 6 8 12 24 37 74 111 148 222 296 444 888]
  4    889 [1 7 127 889]
  8    890 [1 2 5 10 89 178 445 890]
 10    891 [1 3 9 11 27 33 81 99 297 891]
  6    892 [1 2 4 223 446 892]
  4    893 [1 19 47 893]
  8    894 [1 2 3 6 149 298 447 894]
  4    895 [1 5 179 895]
 16    896 [1 2 4 7 8 14 16 28 32 56 64 112 128 224 448 896]
  8    897 [1 3 13 23 39 69 299 897]
  4    898 [1 2 449 898]
  4    899 [1 29 31 899]
 27    900 [1 2 3 4 5 6 9 10 12 15 18 20 25 30 36 45 50 60 75 90 100 150 180 225 300 450 900]
  4    901 [1 17 53 901]
  8    902 [1 2 11 22 41 82 451 902]
  8    903 [1 3 7 21 43 129 301 903]
  8    904 [1 2 4 8 113 226 452 904]
  4    905 [1 5 181 905]
  8    906 [1 2 3 6 151 302 453 906]
  2    907 [1 907]
  6    908 [1 2 4 227 454 908]
  6    909 [1 3 9 101 303 909]
 16    910 [1 2 5 7 10 13 14 26 35 65 70 91 130 182 455 910]
  2    911 [1 911]
 20    912 [1 2 3 4 6 8 12 16 19 24 38 48 57 76 114 152 228 304 456 912]
  4    913 [1 11 83 913]
  4    914 [1 2 457 914]
  8    915 [1 3 5 15 61 183 305 915]
  6    916 [1 2 4 229 458 916]
  4    917 [1 7 131 917]
 16    918 [1 2 3 6 9 17 18 27 34 51 54 102 153 306 459 918]
  2    919 [1 919]
 16    920 [1 2 4 5 8 10 20 23 40 46 92 115 184 230 460 920]
  4    921 [1 3 307 921]
  4    922 [1 2 461 922]
  4    923 [1 13 71 923]
 24    924 [1 2 3 4 6 7 11 12 14 21 22 28 33 42 44 66 77 84 132 154 231 308 462 924]
  6    925 [1 5 25 37 185 925]
  4    926 [1 2 463 926]
  6    927 [1 3 9 103 309 927]
 12    928 [1 2 4 8 16 29 32 58 116 232 464 928]
  2    929 [1 929]
 16    930 [1 2 3 5 6 10 15 30 31 62 93 155 186 310 465 930]
  6    931 [1 7 19 49 133 931]
  6    932 [1 2 4 233 466 932]
  4    933 [1 3 311 933]
  4    934 [1 2 467 934]
  8    935 [1 5 11 17 55 85 187 935]
 24    936 [1 2 3 4 6 8 9 12 13 18 24 26 36 39 52 72 78 104 117 156 234 312 468 936]
  2    937 [1 937]
  8    938 [1 2 7 14 67 134 469 938]
  4    939 [1 3 313 939]
 12    940 [1 2 4 5 10 20 47 94 188 235 470 940]
  2    941 [1 941]
  8    942 [1 2 3 6 157 314 471 942]
  4    943 [1 23 41 943]
 10    944 [1 2 4 8 16 59 118 236 472 944]
 16    945 [1 3 5 7 9 15 21 27 35 45 63 105 135 189 315 945]
  8    946 [1 2 11 22 43 86 473 946]
  2    947 [1 947]
 12    948 [1 2 3 4 6 12 79 158 237 316 474 948]
  4    949 [1 13 73 949]
 12    950 [1 2 5 10 19 25 38 50 95 190 475 950]
  4    951 [1 3 317 951]
 16    952 [1 2 4 7 8 14 17 28 34 56 68 119 136 238 476 952]
  2    953 [1 953]
 12    954 [1 2 3 6 9 18 53 106 159 318 477 954]
  4    955 [1 5 191 955]
  6    956 [1 2 4 239 478 956]
  8    957 [1 3 11 29 33 87 319 957]
  4    958 [1 2 479 958]
  4    959 [1 7 137 959]
 28    960 [1 2 3 4 5 6 8 10 12 15 16 20 24 30 32 40 48 60 64 80 96 120 160 192 240 320 480 960]
  3    961 [1 31 961]
  8    962 [1 2 13 26 37 74 481 962]
  6    963 [1 3 9 107 321 963]
  6    964 [1 2 4 241 482 964]
  4    965 [1 5 193 965]
 16    966 [1 2 3 6 7 14 21 23 42 46 69 138 161 322 483 966]
  2    967 [1 967]
 12    968 [1 2 4 8 11 22 44 88 121 242 484 968]
  8    969 [1 3 17 19 51 57 323 969]
  8    970 [1 2 5 10 97 194 485 970]
  2    971 [1 971]
 18    972 [1 2 3 4 6 9 12 18 27 36 54 81 108 162 243 324 486 972]
  4    973 [1 7 139 973]
  4    974 [1 2 487 974]
 12    975 [1 3 5 13 15 25 39 65 75 195 325 975]
 10    976 [1 2 4 8 16 61 122 244 488 976]
  2    977 [1 977]
  8    978 [1 2 3 6 163 326 489 978]
  4    979 [1 11 89 979]
 18    980 [1 2 4 5 7 10 14 20 28 35 49 70 98 140 196 245 490 980]
  6    981 [1 3 9 109 327 981]
  4    982 [1 2 491 982]
  2    983 [1 983]
 16    984 [1 2 3 4 6 8 12 24 41 82 123 164 246 328 492 984]
  4    985 [1 5 197 985]
  8    986 [1 2 17 29 34 58 493 986]
  8    987 [1 3 7 21 47 141 329 987]
 12    988 [1 2 4 13 19 26 38 52 76 247 494 988]
  4    989 [1 23 43 989]
 24    990 [1 2 3 5 6 9 10 11 15 18 22 30 33 45 55 66 90 99 110 165 198 330 495 990]
  2    991 [1 991]
 12    992 [1 2 4 8 16 31 32 62 124 248 496 992]
  4    993 [1 3 331 993]
  8    994 [1 2 7 14 71 142 497 994]
  4    995 [1 5 199 995]
 12    996 [1 2 3 4 6 12 83 166 249 332 498 996]
  2    997 [1 997]
  4    998 [1 2 499 998]
  8    999 [1 3 9 27 37 111 333 999]
